20631031 0107
20230621 0135
20290918 1509
20270212 0131
20340703 2226
20581123 2002
20110520 1258
20090908 0755
20140327 2222
20620421 1114
20640331 0159
20220613 1005
20020627 1126
20010311 1251
20150518 0603
20160724 2256
20100912 1900
20160630 0537
20260113 0734
20600516 0841
20510628 2055
20120918 0815
20340623 1937
19981020 0018
20270313 0250
20220512 0511
20660209 0520
20490720 1120
20140821 1714
20400826 0053
20220714 1842
20020303 1456
20090205 0701
19810505 1309
19910704 1534
20591031 1104
19810407 1121
20380313 0400
20231229 1516
19771020 2023
20411109 0010
20010403 1649
19950819 0714
19721005 1851
20000821 2135
20510727 0640
19891005 1204
20090311 1716
20270128 0844
20420819 0216
20541124 1953
20050830 0655
20281202 1504
20580116 0830
20221122 0503
20670219 1419
20201114 1836
20351208 1452
19820517 1749
19860321 1823
20320504 1620
19750721 1535
20430503 2350
20661019 1037
20110331 1610
20340328 0656
20280204 0146
19860427 0356
20350928 1444
19840210 1947
20451107 1907
20361031 2134
20530205 1745
19820313 1912
20630924 0331
20510419 2123
20440327 2251
19920112 0710
20120717 1830
19741028 0023
20520317 1905
20151010 1304
20320329 0951
20361022 2248
20150831 0710
19861007 1103
20670524 0804
20310201 2043
19771001 0455
19750801 0702
20520707 1128
19730515 1958
19740411 2129
19780209 2219
19800827 1155
20391107 1631
20231008 1604
20280814 2044
20361122 1043
20561207 1914
19971108 1502
20490320 1041
19730217 0259
20540712 1707
19851122 1210
20110902 0106
20321031 1321
20071209 1010
19980429 0130
20320804 0021
19960327 2308
20041024 0050
20390822 0231
19730430 0206
20380906 1820
20080304 2305
20370213 1336
20230109 0121
19950103 1040
20260412 1406
20040306 1457
20640117 0941
20200522 1109
20180821 0947
20100125 1700
20040726 0500
19710421 0736
19720225 2251
19940528 1553
20260227 0850
20340103 1504
20200726 1950
20021026 0110
19700217 2111
20130915 1902
20230430 1118
20040708 0503
20320122 0827
20591114 1926
20270330 2022
19751120 2105
19980717 0745
19810601 1800
20140929 2229
20071018 1316
19780123 1002
20410329 1249
20130504 0409
20220304 1907
19890721 1713
20160322 2249
20301017 0048
20260105 1614
20230213 0810
19800426 0815
20410810 1916
19720109 2310
20561122 0243
20250716 2044
20031125 0129
20640308 1956
20630101 2026
20330510 1828
20530502 1535
20290106 2210
20480321 1543
20631123 0717
19981022 1750
20650420 1438
19871017 0638
20551122 0605
20121220 1926
20560914 1122
20290817 1158
20140518 2244
20640920 0502
20290213 0433
19930607 1401
19900321 2022
20590318 0559
19970630 0738
19891014 0441
20350715 1955
20621022 0210
20261017 1736
19920413 1055
19791011 2159
20360918 0817
20471026 1451
19820412 1106
19790512 2259
20030807 1820
20021206 1113
20110208 1824
20620125 0433
20580505 2246
20600419 1235
19720926 1533
20560612 1126
19790309 1701
20421226 1833
19970309 1821
20120822 1124
20481224 0313
19950226 0701
19860220 1250
20370817 1805
20480418 0511
20270124 2007
19810417 0923
20571202 1036
19860320 2022
20360614 0531
20370930 1041
20501214 0447
19761120 2006
19900405 1507
19940223 0800
20290611 2344
20060815 1154
20060506 1024
20170125 2035
20551114 1538
20180105 1718
20120718 0656
19861224 1821
20611128 0030
20490329 0434
19800604 0145
19911102 2030
20640604 0218
20550426 1619
20370813 1200
19801128 1852
20580406 1438
20511130 1844
20200116 0123
20311107 0255
20450122 2248
20311109 1939
20010913 1742
20361021 0431
20451011 0550
20151012 1151
19770313 1927
20271106 2038
20610227 0917
20511213 1027
20300519 2106
19740908 2133
19741008 1714
20420215 2344
19870526 0535
20500711 0443
20510904 0554
20180412 0802
19890820 0308
20290302 1215
20630601 0522
19790411 0253
20020427 0701
19790115 2118
20101204 0821
20660918 0826
19970407 1654
19790616 0837
20220621 1751
19761216 0735
20150105 1924
20000324 2240
20560319 1830
20000925 2124
19750504 1822
19941005 1837
20380324 0349
19750826 1831
20650920 1320
20510713 2306
20430701 0355
20650819 1944
20560306 1321
20080709 0720
20400128 1904
20031129 0226
20020131 1100
20361114 2303
20170510 0925
20620506 1509
20090316 1031
20550317 1612
20240126 0700
20020205 2102
20651120 1627
20250623 1417
19811122 0758
20441205 2318
19960503 1221
20150502 1325
19850322 1111
20660131 1708
19950813 0538
20300618 0248
20170816 0335
19940527 1723
19740901 1247
20190715 0734
20610907 0836
20031009 1029
20260419 0026
20150121 0708
20060929 1449
20220411 2040
20140915 1458
20390505 0513
20620702 0330
19850204 1201
20270608 0702
20260420 2152
19830328 2341
20191027 1720
20340615 0136
20570225 0916
20530627 0709
20161112 0932
20250817 1406
20150411 0345
20591004 2258
20141101 0823
20610210 0234
20500222 1034
19930628 0811
20590130 1305
19991217 0856
19980603 1903
20661217 0359
19860518 1547
19900805 0500
20201224 1817
20660126 2114
19910221 1416
19910214 0634
20270713 1515
20550128 0149
20480704 1846
20020224 2055
20360101 1940
20490912 2354
20380116 1719
20480922 2210
20630716 0125
19730409 1752
19740831 1441
20280927 0234
20601008 1621
20500921 0850
20151109 1520
20330709 1828
20510425 1016
19700105 1141
20630319 1141
20170620 1750
20590823 1005
20650915 2341
20400704 0230
20260305 0324
20060702 0646
20381110 2018
20540813 0709
20600406 1836
20180609 1150
20410929 2137
20370609 1015
20070518 1454
19830325 1724
20251113 2117
20301118 1243
20590126 2215
19921119 0238
20391018 2149
20050421 1943
20610901 1637
19840721 1023
19810522 0409
20530315 2129
19900524 1200
20170920 0558
20080326 1005
20411127 1509
19900223 0359
20231113 1305
19790822 0843
20101108 1029
20520817 1500
20510523 0135
20190817 0720
20390702 0917
20210725 0846
20301230 0031
20590520 1434
20540510 1042
20580817 1742
19860713 0740
20030129 1057
19741102 1344
19840430 0408
20580627 1032
20340429 0042
20380113 1315
20010427 0137
19961019 1934
20300117 0355
20210718 1256
19950324 1223
20630924 1101
20180528 0227
20430222 1839
20480702 1320
20131124 2306
20391004 1249
20330211 1427
20470807 0819
20530303 1914
20311017 2342
20651104 1445
19820414 2252
19890520 0120
20490505 1659
20230710 0039
20480427 1956
19960422 0305
20030501 0709
19800902 1702
19850607 2027
20350218 0151
19711001 0526
19820201 2305
20350105 1826
20181104 1615
19890327 1200
19890110 0143
20190816 0513
20440608 1931
19920407 0151
20021209 0107
20160308 0858
20380722 1049
19891205 0317
19811222 1746
20540617 0301
20071209 0123
20200804 0442
20240306 1819
19880905 0953
20460915 0049
20460623 0316
19720926 0938
20341028 0518
19770411 1220
19770813 2102
19820612 1533
19750104 1315
19870221 0727
20531231 0743
20320111 1648
20430114 2028
20380313 1946
20281114 0546
20010223 2252
20310303 0547
19980221 0437
19720104 1620
19991214 2253
19950801 2029
20500611 1001
19930728 1728
20521103 1152
20160530 1608
20500912 1659
20530602 1652
19900226 0042
19990108 0555
19840126 2344
20370827 1500
20160705 0559
19921221 1129
20320726 0125
20100225 0256
20020404 2153
20610623 0920
20201116 1749
20270118 1827
20330504 1132
20440229 0717
20250303 0028
20080526 0734
19950608 1551
20371116 2320
19990302 2042
20060606 1812
20260904 1219
20220217 1043
19900824 0835
20020714 1701
20250505 1654
19990610 2153
19740807 0932
19851203 0608
19750501 1414
20341125 1345
20040225 0828
20491014 1425
19901006 2329
20150411 1527
20270613 1842
19731027 1145
19710421 0213
20410715 0116
19900920 0318
20420125 1244
20280221 1611
20551024 1109
20020110 0555
20541217 1651
20190303 2240
19861112 2317
20120306 0642
20490514 2333
20031119 2342
19780224 0744
20501026 1608
19801224 2124
20510829 1330
19721109 0456
20360824 1741
20650811 0438
20141020 1606
20420404 2019
20600621 1707
20391220 2205
20271121 1734
20380404 0921
19801102 0321
20250322 1820
20260225 1417
19820301 2259
19951022 1622
20310623 0201
20200724 0842
20180810 1756
20490913 1249
20020707 0751
19960424 0842
20450827 0028
19790220 1726
20550403 0204
20520927 1116
19830323 0418
19721224 0941
20070817 0328
20641002 2036
20360912 2006
20481220 2340
19831204 0612
20651213 0137
19871228 0639
19980124 1133
19860713 1935
20000101 1018
20570531 0830
20390717 1735
20630915 2338
19890613 1059
20270227 0737
19780804 2247
20121101 0007
20450421 2341
19830506 1939
20160815 1314
20410412 0154
19710602 0642
20410911 1308
20280229 1219
20301224 0650
20450513 1107
19901110 0151
20530613 0017
20360517 1242
20551208 0546
20190501 2221
20351111 1255
20601025 0402
20090821 2055
20310221 2216
20070214 1813
19820103 1424
20420812 0515
20001208 2019
19871118 2314
20441228 0159
19720630 0541
20531031 1410
20591022 1036
19960223 2131
20260323 0511
20370725 1202
19920302 0238
20400924 0346
20550226 1126
20441216 2115
20090224 2249
19750113 0817
19790325 0820
19770621 1857
19790510 0704
20190918 2133
19810604 0617
20640312 1547
20060614 1953
19781227 1802
20331119 0458
20220206 0614
20400621 0055
19871204 1100
19870518 1839
20071024 0809
20481205 0322
20340816 1727
20440807 1344
20120104 0350
19950702 0116
19751116 2220
20070222 2237
20220612 0436
20490103 1745
20110411 1532
20060108 0024
19791123 2347
19940417 0108
20480401 0928
20490305 0648
19990124 1110
19840619 0449
20000322 0719
19710507 0910
20620407 1441
20060223 0416
20000207 0102
20290518 1516
20331222 1657
19930816 0524
19881130 2129
19740513 0150
20021224 0115
20281027 1954
20510217 1432
20460423 1034
20391108 2241
19970528 2350
20600803 0232
20540627 0039
20011210 2107
20620408 1236
19771111 1217
19760624 0504
20361016 0838
19870426 2332
19730907 1418
19711116 2045
19751018 1727
19910607 1642
20380821 0748
19750303 1215
20380622 0726
20240901 1054
20191105 1254
20171025 1936
20380122 1714
20511111 2238
20050508 1012
20160228 0738
20040615 2023
20290730 1943
20380424 1800
20320622 0625
19821130 1431
20371020 0523
20090412 1340
20360517 0230
19700212 0326
20041028 1430
19870907 1507
20151013 2033
19830203 1418
20631115 2348
19930706 1435
20620408 0605
20250218 0023
20540829 1240
20520204 1712
19810320 1309
20030610 1728
20271023 1503
20321116 1637
20050608 1001
20430815 0700
19751009 0846
20070205 1634
20481210 0413
20420425 0629
19960919 0046
19981224 1556
20460409 1847
20521009 2218
20210422 0323
20470901 1540
19750726 1101
19970114 0049
20090429 0756
20660228 0044
20420624 0801
20310722 0544
20150219 1228
19990420 1130
20500503 2125
19981205 1342
19930119 1401
19870930 2327
20590913 2003
20260523 0147
20630614 1058
20010510 1726
20440117 1356
20120608 1726
20481009 1753
20540406 2212
19980327 0954
20610103 1400
19790808 1848
20590618 0604
20080912 0614
20410523 2247
19840124 1318
20300703 0356
19970725 1835
20021009 1628
19701005 2354
19900807 1913
20640629 2352
19931215 0036
19710825 0045
19750824 1514
20410321 1255
20331202 2208
20120503 2211
19970413 1257
19971218 0158
20650909 2300
20170212 2055
20640624 1934
19871001 2317
20111214 1509
20140408 1411
20610303 1118
20101013 2138
20370903 2039
20641221 1209
19960526 0455
20190324 1850
19710708 1522
19831218 1006
20001023 0541
20420116 1244
19891031 2325
20260214 0301
19800908 1744
20470116 1730
19900615 2221
20040926 1511
20330321 1533
19721024 0239
20090219 0230
20020506 0614
20440110 1108
20550902 0301
20580430 1606
20060201 0218
20131227 2040
19941022 2212
19991003 0352
20560905 1443
20620707 0101
19771106 2205
20630527 2048
20240725 0737
20360817 2214
20500725 2324
19780420 0838
20580904 1538
20560926 0956
20551030 0616
20640229 1330
19960326 1611
20520715 0419
19840803 1437
20661028 0658
19730913 0233
20280120 0507
20380508 2300
20180216 0802
20200205 0055
19960514 1758
20480902 0007
20000415 2341
20420913 0740
20020817 1558
19770716 1218
20281225 1753
20160131 0345
19830212 1004
20551123 0444
19751225 2202
19990607 0112
20151215 1952
19710418 1424
20400707 1011
20360321 0646
20230313 0902
20050727 0417
19940701 1255
20180104 1358
20170616 1954
20620524 0110
19970922 0132
20150202 0915
19851026 1731
19980228 2257
19950416 0421
20211031 1215
20590705 2140
20000702 2255
20640320 0302
20180109 1719
20170128 0439
20310518 1548
20050610 1316
19920208 0102
20321228 1639
20550706 0443
20530808 1711
20020101 1644
19831222 0815
19980930 2329
19781116 1959
20441005 0259
19900413 0228
20411007 0317
19890308 0449
20230101 2142
20290415 0021
19871215 2037
20320219 1544
20061114 2326
20030912 0250
20491203 0833
20290128 0941
20220618 2149
20490123 2110
20040203 0326
20051102 0534
20050221 1301
20411121 1133
20660714 0220
20511130 0101
20421025 0016
20610603 0131
19700823 2123
19961212 1614
20411111 1438
20201211 2007
20420713 0728
19940316 1155
20520106 1508
20040521 0934
20620101 0432
19710417 0244
20230317 1930
20390123 1539
20310627 1957
20000828 1918
20180907 0001
20420102 0601
20271014 0818
20090826 1218
20380115 0003
20100113 0926
19971104 2331
20111031 2124
20430213 0518
20190108 2205
19870108 0657
20350604 1951
20080205 1233
20570602 0741
20190329 1645
20620622 0639
20210406 1320
19920504 1307
19990429 2019
20471115 0511
19860427 0200
20300907 0507
19830707 0150
20031021 1827
20390321 0710
20350907 1411
20331218 0952
19990226 0908
20451001 0140
19821112 0309
20580924 0233
20220127 1952
20651005 1853
19831004 2019
20120724 0557
20631123 0358
20531120 2150
20270622 0630
20051217 2113
20261109 1930
20160130 1329
20080724 2357
20580404 1217
20260308 0527
20330908 1548
20150926 0001
19990604 0947
20001009 0453
20320602 1425
20101205 0538
20381014 0001
20611207 0847
20191004 1408
20630116 0834
20560606 2306
20350904 0426
20410517 0700
20230421 1334
20160305 1615
20370205 2059
19850404 0345
20310316 0720
20070531 2340
20340327 1753
20130803 1947
20521011 2007
20630615 1428
20540112 1713
20111109 1104
20180607 0508
19720304 0719
20520112 1820
20451210 1020
20370606 0104
20280129 0031
19890623 2059
20270327 1401
19820403 2345
19890627 0952
20480203 1610
20070812 1738
20571102 1212
19840307 1916
20080121 1710
20190506 2306
20080223 2220
20460927 1536
20570109 1310
20541115 0042
20120425 1929
19831220 2025
20600519 1019
20370904 1643
19840324 1922
20540207 1338
20561124 0633
20110903 1401
19701216 2300
20311014 2308
20571120 1002
19750716 1229
19800310 0757
19821126 0539
20081125 1940
19890913 1049
19950117 0646
19870405 0942
19730709 1448
20261129 0217
20430324 0031
19870101 1201
